<arbitrament><info>
агрегированн. отношение R:
[               0][               0][  0.064444444444][  0.064444444444][               0]
[  0.111111111111][               0][  0.175555555556][  0.175555555556][  0.111111111111]
[  0.555555555556][  0.555555555556][               0][  0.555555555556][  0.555555555556]
[  0.155555555556][  0.155555555556][  0.155555555556][               0][  0.155555555556]
[               0][               0][  0.064444444444][  0.064444444444][               0]
асимметричная часть Asymmetric(R) агрегированн. отношения R:
[               0][               0][               0][               0][               0]
[  0.111111111111][               0][               0][            0.02][  0.111111111111]
[  0.491111111112][            0.38][               0][             0.4][  0.491111111112]
[  0.091111111112][               0][               0][               0][  0.091111111112]
[               0][               0][               0][               0][               0]
отношение с разбитыми циклами Acyclic(R) агрегированн. отношения R:
[               0][               0][               0][               0][               0]
[  0.111111111111][               0][               0][  0.175555555556][  0.111111111111]
[  0.555555555556][  0.555555555556][               0][  0.555555555556][  0.555555555556]
[  0.155555555556][               0][               0][               0][  0.155555555556]
[               0][               0][               0][               0][               0]
транзитивное замыкание Tr(Acyclic(R)) отношения с разбитыми циклами Acyclic(R) агрегированн. отношения R:
[               0][               0][               0][               0][               0]
[  0.155555555556][               0][               0][  0.175555555556][  0.155555555556]
[  0.555555555556][  0.555555555556][               0][  0.555555555556][  0.555555555556]
[  0.155555555556][               0][               0][               0][  0.155555555556]
[               0][               0][               0][               0][               0]</info>

<method>
<name>Всевозможные ранжирования</name><info>Недоминируемые альтернативы: .
Среди ранжирований метода: 
 мин. и макс. стоимость: [0.331111111111; 0.951111111112];
 мин. и макс. сила: [0; 0.064444444444];
 мин. и макс. расстояние 'квадрат разности' (чёткое ранжир-е): [67.8984; 107.2584];
 мин. и макс. расстояние 'модуль разности' (чёткое ранжир-е): [70.32; 109.68];
</info>
<relations>
      0      1      1      1      1
      0      0      0      0      0
      0      1      0      1      1
      0      1      0      0      1
      0      1      0      0      0
      0      1      1      1      1
      0      0      0      0      0
      0      1      0      1      1
      0      1      0      0      0
      0      1      0      1      0
      0      1      1      1      1
      0      0      0      0      0
      0      1      0      0      1
      0      1      1      0      1
      0      1      0      0      0
      0      1      1      1      1
      0      0      0      0      0
      0      1      0      0      0
      0      1      1      0      1
      0      1      1      0      0
      0      1      1      1      1
      0      0      0      0      0
      0      1      0      0      0
      0      1      1      0      0
      0      1      1      1      0
      0      1      1      1      1
      0      0      0      0      0
      0      1      0      1      0
      0      1      0      0      0
      0      1      1      1      0
      0      1      1      1      1
      0      0      1      1      1
      0      0      0      0      0
      0      0      1      0      1
      0      0      1      0      0
      0      1      1      1      1
      0      0      1      1      1
      0      0      0      0      0
      0      0      1      0      0
      0      0      1      1      0
      0      1      1      1      1
      0      0      1      0      1
      0      0      0      0      0
      0      1      1      0      1
      0      0      1      0      0
      0      1      1      1      1
      0      0      1      0      0
      0      0      0      0      0
      0      1      1      0      1
      0      1      1      0      0
      0      1      1      1      1
      0      0      1      0      0
      0      0      0      0      0
      0      1      1      0      0
      0      1      1      1      0
      0      1      1      1      1
      0      0      1      1      0
      0      0      0      0      0
      0      0      1      0      0
      0      1      1      1      0
      0      1      1      1      1
      0      0      1      1      1
      0      0      0      1      1
      0      0      0      0      0
      0      0      0      1      0
      0      1      1      1      1
      0      0      1      1      1
      0      0      0      1      0
      0      0      0      0      0
      0      0      1      1      0
      0      1      1      1      1
      0      0      0      1      1
      0      1      0      1      1
      0      0      0      0      0
      0      0      0      1      0
      0      1      1      1      1
      0      0      0      1      0
      0      1      0      1      1
      0      0      0      0      0
      0      1      0      1      0
      0      1      1      1      1
      0      0      0      1      0
      0      1      0      1      0
      0      0      0      0      0
      0      1      1      1      0
      0      1      1      1      1
      0      0      1      1      0
      0      0      0      1      0
      0      0      0      0      0
      0      1      1      1      0
      0      1      1      1      1
      0      0      1      1      1
      0      0      0      1      1
      0      0      0      0      1
      0      0      0      0      0
      0      1      1      1      1
      0      0      1      1      1
      0      0      0      0      1
      0      0      1      0      1
      0      0      0      0      0
      0      1      1      1      1
      0      0      0      1      1
      0      1      0      1      1
      0      0      0      0      1
      0      0      0      0      0
      0      1      1      1      1
      0      0      0      0      1
      0      1      0      1      1
      0      1      0      0      1
      0      0      0      0      0
      0      1      1      1      1
      0      0      0      0      1
      0      1      0      0      1
      0      1      1      0      1
      0      0      0      0      0
      0      1      1      1      1
      0      0      1      0      1
      0      0      0      0      1
      0      1      1      0      1
      0      0      0      0      0
      0      0      0      0      0
      1      0      1      1      1
      1      0      0      1      1
      1      0      0      0      1
      1      0      0      0      0
      0      0      0      0      0
      1      0      1      1      1
      1      0      0      1      1
      1      0      0      0      0
      1      0      0      1      0
      0      0      0      0      0
      1      0      1      1      1
      1      0      0      0      1
      1      0      1      0      1
      1      0      0      0      0
      0      0      0      0      0
      1      0      1      1      1
      1      0      0      0      0
      1      0      1      0      1
      1      0      1      0      0
      0      0      0      0      0
      1      0      1      1      1
      1      0      0      0      0
      1      0      1      0      0
      1      0      1      1      0
      0      0      0      0      0
      1      0      1      1      1
      1      0      0      1      0
      1      0      0      0      0
      1      0      1      1      0
      0      0      1      1      1
      1      0      1      1      1
      0      0      0      0      0
      0      0      1      0      1
      0      0      1      0      0
      0      0      1      1      1
      1      0      1      1      1
      0      0      0      0      0
      0      0      1      0      0
      0      0      1      1      0
      0      0      1      0      1
      1      0      1      1      1
      0      0      0      0      0
      1      0      1      0      1
      0      0      1      0      0
      0      0      1      0      0
      1      0      1      1      1
      0      0      0      0      0
      1      0      1      0      1
      1      0      1      0      0
      0      0      1      0      0
      1      0      1      1      1
      0      0      0      0      0
      1      0      1      0      0
      1      0      1      1      0
      0      0      1      1      0
      1      0      1      1      1
      0      0      0      0      0
      0      0      1      0      0
      1      0      1      1      0
      0      0      1      1      1
      1      0      1      1      1
      0      0      0      1      1
      0      0      0      0      0
      0      0      0      1      0
      0      0      1      1      1
      1      0      1      1      1
      0      0      0      1      0
      0      0      0      0      0
      0      0      1      1      0
      0      0      0      1      1
      1      0      1      1      1
      1      0      0      1      1
      0      0      0      0      0
      0      0      0      1      0
      0      0      0      1      0
      1      0      1      1      1
      1      0      0      1      1
      0      0      0      0      0
      1      0      0      1      0
      0      0      0      1      0
      1      0      1      1      1
      1      0      0      1      0
      0      0      0      0      0
      1      0      1      1      0
      0      0      1      1      0
      1      0      1      1      1
      0      0      0      1      0
      0      0      0      0      0
      1      0      1      1      0
      0      0      1      1      1
      1      0      1      1      1
      0      0      0      1      1
      0      0      0      0      1
      0      0      0      0      0
      0      0      1      1      1
      1      0      1      1      1
      0      0      0      0      1
      0      0      1      0      1
      0      0      0      0      0
      0      0      0      1      1
      1      0      1      1      1
      1      0      0      1      1
      0      0      0      0      1
      0      0      0      0      0
      0      0      0      0      1
      1      0      1      1      1
      1      0      0      1      1
      1      0      0      0      1
      0      0      0      0      0
      0      0      0      0      1
      1      0      1      1      1
      1      0      0      0      1
      1      0      1      0      1
      0      0      0      0      0
      0      0      1      0      1
      1      0      1      1      1
      0      0      0      0      1
      1      0      1      0      1
      0      0      0      0      0
      0      0      0      0      0
      1      0      0      1      1
      1      1      0      1      1
      1      0      0      0      1
      1      0      0      0      0
      0      0      0      0      0
      1      0      0      1      1
      1      1      0      1      1
      1      0      0      0      0
      1      0      0      1      0
      0      0      0      0      0
      1      0      0      0      1
      1      1      0      1      1
      1      1      0      0      1
      1      0      0      0      0
      0      0      0      0      0
      1      0      0      0      0
      1      1      0      1      1
      1      1      0      0      1
      1      1      0      0      0
      0      0      0      0      0
      1      0      0      0      0
      1      1      0      1      1
      1      1      0      0      0
      1      1      0      1      0
      0      0      0      0      0
      1      0      0      1      0
      1      1      0      1      1
      1      0      0      0      0
      1      1      0      1      0
      0      1      0      1      1
      0      0      0      0      0
      1      1      0      1      1
      0      1      0      0      1
      0      1      0      0      0
      0      1      0      1      1
      0      0      0      0      0
      1      1      0      1      1
      0      1      0      0      0
      0      1      0      1      0
      0      1      0      0      1
      0      0      0      0      0
      1      1      0      1      1
      1      1      0      0      1
      0      1      0      0      0
      0      1      0      0      0
      0      0      0      0      0
      1      1      0      1      1
      1      1      0      0      1
      1      1      0      0      0
      0      1      0      0      0
      0      0      0      0      0
      1      1      0      1      1
      1      1      0      0      0
      1      1      0      1      0
      0      1      0      1      0
      0      0      0      0      0
      1      1      0      1      1
      0      1      0      0      0
      1      1      0      1      0
      0      1      0      1      1
      0      0      0      1      1
      1      1      0      1      1
      0      0      0      0      0
      0      0      0      1      0
      0      1      0      1      1
      0      0      0      1      0
      1      1      0      1      1
      0      0      0      0      0
      0      1      0      1      0
      0      0      0      1      1
      1      0      0      1      1
      1      1      0      1      1
      0      0      0      0      0
      0      0      0      1      0
      0      0      0      1      0
      1      0      0      1      1
      1      1      0      1      1
      0      0      0      0      0
      1      0      0      1      0
      0      0      0      1      0
      1      0      0      1      0
      1      1      0      1      1
      0      0      0      0      0
      1      1      0      1      0
      0      1      0      1      0
      0      0      0      1      0
      1      1      0      1      1
      0      0      0      0      0
      1      1      0      1      0
      0      1      0      1      1
      0      0      0      1      1
      1      1      0      1      1
      0      0      0      0      1
      0      0      0      0      0
      0      1      0      1      1
      0      0      0      0      1
      1      1      0      1      1
      0      1      0      0      1
      0      0      0      0      0
      0      0      0      1      1
      1      0      0      1      1
      1      1      0      1      1
      0      0      0      0      1
      0      0      0      0      0
      0      0      0      0      1
      1      0      0      1      1
      1      1      0      1      1
      1      0      0      0      1
      0      0      0      0      0
      0      0      0      0      1
      1      0      0      0      1
      1      1      0      1      1
      1      1      0      0      1
      0      0      0      0      0
      0      1      0      0      1
      0      0      0      0      1
      1      1      0      1      1
      1      1      0      0      1
      0      0      0      0      0
      0      0      0      0      0
      1      0      1      0      1
      1      0      0      0      1
      1      1      1      0      1
      1      0      0      0      0
      0      0      0      0      0
      1      0      1      0      1
      1      0      0      0      0
      1      1      1      0      1
      1      0      1      0      0
      0      0      0      0      0
      1      0      0      0      1
      1      1      0      0      1
      1      1      1      0      1
      1      0      0      0      0
      0      0      0      0      0
      1      0      0      0      0
      1      1      0      0      1
      1      1      1      0      1
      1      1      0      0      0
      0      0      0      0      0
      1      0      0      0      0
      1      1      0      0      0
      1      1      1      0      1
      1      1      1      0      0
      0      0      0      0      0
      1      0      1      0      0
      1      0      0      0      0
      1      1      1      0      1
      1      1      1      0      0
      0      1      1      0      1
      0      0      0      0      0
      0      1      0      0      1
      1      1      1      0      1
      0      1      0      0      0
      0      1      1      0      1
      0      0      0      0      0
      0      1      0      0      0
      1      1      1      0      1
      0      1      1      0      0
      0      1      0      0      1
      0      0      0      0      0
      1      1      0      0      1
      1      1      1      0      1
      0      1      0      0      0
      0      1      0      0      0
      0      0      0      0      0
      1      1      0      0      1
      1      1      1      0      1
      1      1      0      0      0
      0      1      0      0      0
      0      0      0      0      0
      1      1      0      0      0
      1      1      1      0      1
      1      1      1      0      0
      0      1      1      0      0
      0      0      0      0      0
      0      1      0      0      0
      1      1      1      0      1
      1      1      1      0      0
      0      1      1      0      1
      0      0      1      0      1
      0      0      0      0      0
      1      1      1      0      1
      0      0      1      0      0
      0      1      1      0      1
      0      0      1      0      0
      0      0      0      0      0
      1      1      1      0      1
      0      1      1      0      0
      0      0      1      0      1
      1      0      1      0      1
      0      0      0      0      0
      1      1      1      0      1
      0      0      1      0      0
      0      0      1      0      0
      1      0      1      0      1
      0      0      0      0      0
      1      1      1      0      1
      1      0      1      0      0
      0      0      1      0      0
      1      0      1      0      0
      0      0      0      0      0
      1      1      1      0      1
      1      1      1      0      0
      0      1      1      0      0
      0      0      1      0      0
      0      0      0      0      0
      1      1      1      0      1
      1      1      1      0      0
      0      1      1      0      1
      0      0      1      0      1
      0      0      0      0      1
      1      1      1      0      1
      0      0      0      0      0
      0      1      1      0      1
      0      0      0      0      1
      0      1      0      0      1
      1      1      1      0      1
      0      0      0      0      0
      0      0      1      0      1
      1      0      1      0      1
      0      0      0      0      1
      1      1      1      0      1
      0      0      0      0      0
      0      0      0      0      1
      1      0      1      0      1
      1      0      0      0      1
      1      1      1      0      1
      0      0      0      0      0
      0      0      0      0      1
      1      0      0      0      1
      1      1      0      0      1
      1      1      1      0      1
      0      0      0      0      0
      0      1      0      0      1
      0      0      0      0      1
      1      1      0      0      1
      1      1      1      0      1
      0      0      0      0      0
      0      0      0      0      0
      1      0      1      1      0
      1      0      0      1      0
      1      0      0      0      0
      1      1      1      1      0
      0      0      0      0      0
      1      0      1      1      0
      1      0      0      0      0
      1      0      1      0      0
      1      1      1      1      0
      0      0      0      0      0
      1      0      0      1      0
      1      1      0      1      0
      1      0      0      0      0
      1      1      1      1      0
      0      0      0      0      0
      1      0      0      0      0
      1      1      0      1      0
      1      1      0      0      0
      1      1      1      1      0
      0      0      0      0      0
      1      0      0      0      0
      1      1      0      0      0
      1      1      1      0      0
      1      1      1      1      0
      0      0      0      0      0
      1      0      1      0      0
      1      0      0      0      0
      1      1      1      0      0
      1      1      1      1      0
      0      1      1      1      0
      0      0      0      0      0
      0      1      0      1      0
      0      1      0      0      0
      1      1      1      1      0
      0      1      1      1      0
      0      0      0      0      0
      0      1      0      0      0
      0      1      1      0      0
      1      1      1      1      0
      0      1      0      1      0
      0      0      0      0      0
      1      1      0      1      0
      0      1      0      0      0
      1      1      1      1      0
      0      1      0      0      0
      0      0      0      0      0
      1      1      0      1      0
      1      1      0      0      0
      1      1      1      1      0
      0      1      0      0      0
      0      0      0      0      0
      1      1      0      0      0
      1      1      1      0      0
      1      1      1      1      0
      0      1      1      0      0
      0      0      0      0      0
      0      1      0      0      0
      1      1      1      0      0
      1      1      1      1      0
      0      1      1      1      0
      0      0      1      1      0
      0      0      0      0      0
      0      0      1      0      0
      1      1      1      1      0
      0      1      1      1      0
      0      0      1      0      0
      0      0      0      0      0
      0      1      1      0      0
      1      1      1      1      0
      0      0      1      1      0
      1      0      1      1      0
      0      0      0      0      0
      0      0      1      0      0
      1      1      1      1      0
      0      0      1      0      0
      1      0      1      1      0
      0      0      0      0      0
      1      0      1      0      0
      1      1      1      1      0
      0      0      1      0      0
      1      0      1      0      0
      0      0      0      0      0
      1      1      1      0      0
      1      1      1      1      0
      0      1      1      0      0
      0      0      1      0      0
      0      0      0      0      0
      1      1      1      0      0
      1      1      1      1      0
      0      1      1      1      0
      0      0      1      1      0
      0      0      0      1      0
      0      0      0      0      0
      1      1      1      1      0
      0      1      1      1      0
      0      0      0      1      0
      0      1      0      1      0
      0      0      0      0      0
      1      1      1      1      0
      0      0      1      1      0
      1      0      1      1      0
      0      0      0      1      0
      0      0      0      0      0
      1      1      1      1      0
      0      0      0      1      0
      1      0      1      1      0
      1      0      0      1      0
      0      0      0      0      0
      1      1      1      1      0
      0      0      0      1      0
      1      0      0      1      0
      1      1      0      1      0
      0      0      0      0      0
      1      1      1      1      0
      0      1      0      1      0
      0      0      0      1      0
      1      1      0      1      0
      0      0      0      0      0
      1      1      1      1      0
</relations>
<relations_as_rankings>
a0,a2,a3,a4,a1
a0,a2,a4,a3,a1
a0,a3,a2,a4,a1
a0,a3,a4,a2,a1
a0,a4,a3,a2,a1
a0,a4,a2,a3,a1
a0,a1,a3,a4,a2
a0,a1,a4,a3,a2
a0,a3,a1,a4,a2
a0,a3,a4,a1,a2
a0,a4,a3,a1,a2
a0,a4,a1,a3,a2
a0,a1,a2,a4,a3
a0,a1,a4,a2,a3
a0,a2,a1,a4,a3
a0,a2,a4,a1,a3
a0,a4,a2,a1,a3
a0,a4,a1,a2,a3
a0,a1,a2,a3,a4
a0,a1,a3,a2,a4
a0,a2,a1,a3,a4
a0,a2,a3,a1,a4
a0,a3,a2,a1,a4
a0,a3,a1,a2,a4
a1,a2,a3,a4,a0
a1,a2,a4,a3,a0
a1,a3,a2,a4,a0
a1,a3,a4,a2,a0
a1,a4,a3,a2,a0
a1,a4,a2,a3,a0
a1,a0,a3,a4,a2
a1,a0,a4,a3,a2
a1,a3,a0,a4,a2
a1,a3,a4,a0,a2
a1,a4,a3,a0,a2
a1,a4,a0,a3,a2
a1,a0,a2,a4,a3
a1,a0,a4,a2,a3
a1,a2,a0,a4,a3
a1,a2,a4,a0,a3
a1,a4,a2,a0,a3
a1,a4,a0,a2,a3
a1,a0,a2,a3,a4
a1,a0,a3,a2,a4
a1,a2,a0,a3,a4
a1,a2,a3,a0,a4
a1,a3,a2,a0,a4
a1,a3,a0,a2,a4
a2,a1,a3,a4,a0
a2,a1,a4,a3,a0
a2,a3,a1,a4,a0
a2,a3,a4,a1,a0
a2,a4,a3,a1,a0
a2,a4,a1,a3,a0
a2,a0,a3,a4,a1
a2,a0,a4,a3,a1
a2,a3,a0,a4,a1
a2,a3,a4,a0,a1
a2,a4,a3,a0,a1
a2,a4,a0,a3,a1
a2,a0,a1,a4,a3
a2,a0,a4,a1,a3
a2,a1,a0,a4,a3
a2,a1,a4,a0,a3
a2,a4,a1,a0,a3
a2,a4,a0,a1,a3
a2,a0,a1,a3,a4
a2,a0,a3,a1,a4
a2,a1,a0,a3,a4
a2,a1,a3,a0,a4
a2,a3,a1,a0,a4
a2,a3,a0,a1,a4
a3,a1,a2,a4,a0
a3,a1,a4,a2,a0
a3,a2,a1,a4,a0
a3,a2,a4,a1,a0
a3,a4,a2,a1,a0
a3,a4,a1,a2,a0
a3,a0,a2,a4,a1
a3,a0,a4,a2,a1
a3,a2,a0,a4,a1
a3,a2,a4,a0,a1
a3,a4,a2,a0,a1
a3,a4,a0,a2,a1
a3,a0,a1,a4,a2
a3,a0,a4,a1,a2
a3,a1,a0,a4,a2
a3,a1,a4,a0,a2
a3,a4,a1,a0,a2
a3,a4,a0,a1,a2
a3,a0,a1,a2,a4
a3,a0,a2,a1,a4
a3,a1,a0,a2,a4
a3,a1,a2,a0,a4
a3,a2,a1,a0,a4
a3,a2,a0,a1,a4
a4,a1,a2,a3,a0
a4,a1,a3,a2,a0
a4,a2,a1,a3,a0
a4,a2,a3,a1,a0
a4,a3,a2,a1,a0
a4,a3,a1,a2,a0
a4,a0,a2,a3,a1
a4,a0,a3,a2,a1
a4,a2,a0,a3,a1
a4,a2,a3,a0,a1
a4,a3,a2,a0,a1
a4,a3,a0,a2,a1
a4,a0,a1,a3,a2
a4,a0,a3,a1,a2
a4,a1,a0,a3,a2
a4,a1,a3,a0,a2
a4,a3,a1,a0,a2
a4,a3,a0,a1,a2
a4,a0,a1,a2,a3
a4,a0,a2,a1,a3
a4,a1,a0,a2,a3
a4,a1,a2,a0,a3
a4,a2,a1,a0,a3
a4,a2,a0,a1,a3
</relations_as_rankings>
</method>
<method>
<name>Гамильтоновы пути</name><info>Недоминируемые альтернативы: .
Среди ранжирований метода: 
 мин. и макс. стоимость: [0.395555555555; 0.951111111112];
 мин. и макс. сила: [0.064444444444; 0.064444444444];
 мин. и макс. расстояние 'квадрат разности' (чёткое ранжир-е): [69.5384; 103.6184];
 мин. и макс. расстояние 'модуль разности' (чёткое ранжир-е): [71.96; 106.04];
</info>
<relations>
      0      1      1      1      1
      0      0      0      0      0
      0      1      0      1      1
      0      1      0      0      0
      0      1      0      1      0
      0      1      1      1      1
      0      0      0      0      0
      0      1      0      0      0
      0      1      1      0      1
      0      1      1      0      0
      0      1      1      1      1
      0      0      1      0      1
      0      0      0      0      0
      0      1      1      0      1
      0      0      1      0      0
      0      1      1      1      1
      0      0      0      1      1
      0      1      0      1      1
      0      0      0      0      0
      0      0      0      1      0
      0      1      1      1      1
      0      0      0      1      1
      0      1      0      1      1
      0      0      0      0      1
      0      0      0      0      0
      0      1      1      1      1
      0      0      0      0      1
      0      1      0      1      1
      0      1      0      0      1
      0      0      0      0      0
      0      1      1      1      1
      0      0      1      0      1
      0      0      0      0      1
      0      1      1      0      1
      0      0      0      0      0
      0      1      1      1      1
      0      0      0      0      1
      0      1      0      0      1
      0      1      1      0      1
      0      0      0      0      0
      0      0      0      0      0
      1      0      1      1      1
      1      0      0      1      1
      1      0      0      0      0
      1      0      0      1      0
      0      0      0      0      0
      1      0      1      1      1
      1      0      0      0      0
      1      0      1      0      1
      1      0      1      0      0
      0      0      0      0      0
      1      0      1      1      1
      1      0      0      1      0
      1      0      0      0      0
      1      0      1      1      0
      0      0      0      0      0
      1      0      1      1      1
      1      0      0      0      0
      1      0      1      0      0
      1      0      1      1      0
      0      0      1      1      1
      1      0      1      1      1
      0      0      0      0      0
      0      0      1      0      1
      0      0      1      0      0
      0      0      1      0      0
      1      0      1      1      1
      0      0      0      0      0
      1      0      1      0      0
      1      0      1      1      0
      0      0      1      1      1
      1      0      1      1      1
      0      0      0      1      1
      0      0      0      0      0
      0      0      0      1      0
      0      0      0      1      0
      1      0      1      1      1
      1      0      0      1      0
      0      0      0      0      0
      1      0      1      1      0
      0      0      1      1      1
      1      0      1      1      1
      0      0      0      1      1
      0      0      0      0      1
      0      0      0      0      0
      0      0      1      1      1
      1      0      1      1      1
      0      0      0      0      1
      0      0      1      0      1
      0      0      0      0      0
      0      0      0      1      1
      1      0      1      1      1
      1      0      0      1      1
      0      0      0      0      1
      0      0      0      0      0
      0      0      1      0      1
      1      0      1      1      1
      0      0      0      0      1
      1      0      1      0      1
      0      0      0      0      0
      0      0      0      0      0
      1      0      0      1      1
      1      1      0      1      1
      1      0      0      0      0
      1      0      0      1      0
      0      0      0      0      0
      1      0      0      0      0
      1      1      0      1      1
      1      1      0      0      0
      1      1      0      1      0
      0      1      0      1      1
      0      0      0      0      1
      1      1      0      1      1
      0      1      0      0      1
      0      0      0      0      0
      0      0      0      1      1
      1      0      0      1      1
      1      1      0      1      1
      0      0      0      0      1
      0      0      0      0      0
      0      0      0      0      0
      1      0      1      0      1
      1      0      0      0      0
      1      1      1      0      1
      1      0      1      0      0
      0      0      0      0      0
      1      0      0      0      0
      1      1      0      0      0
      1      1      1      0      1
      1      1      1      0      0
      0      1      1      0      1
      0      0      0      0      1
      0      1      0      0      1
      1      1      1      0      1
      0      0      0      0      0
      0      0      1      0      1
      1      0      1      0      1
      0      0      0      0      1
      1      1      1      0      1
      0      0      0      0      0
      0      0      0      0      0
      1      0      0      1      0
      1      1      0      1      0
      1      0      0      0      0
      1      1      1      1      0
      0      0      0      0      0
      1      0      0      0      0
      1      1      0      1      0
      1      1      0      0      0
      1      1      1      1      0
      0      0      0      0      0
      1      0      1      0      0
      1      0      0      0      0
      1      1      1      0      0
      1      1      1      1      0
      0      0      0      0      0
      1      0      0      0      0
      1      1      0      0      0
      1      1      1      0      0
      1      1      1      1      0
      0      1      0      1      0
      0      0      0      0      0
      1      1      0      1      0
      0      1      0      0      0
      1      1      1      1      0
      0      1      1      0      0
      0      0      0      0      0
      0      1      0      0      0
      1      1      1      0      0
      1      1      1      1      0
      0      0      1      0      0
      1      0      1      0      0
      0      0      0      0      0
      1      1      1      0      0
      1      1      1      1      0
      0      0      0      1      0
      1      0      0      1      0
      1      1      0      1      0
      0      0      0      0      0
      1      1      1      1      0
</relations>
<relations_as_rankings>
a0,a2,a4,a3,a1
a0,a3,a4,a2,a1
a0,a3,a1,a4,a2
a0,a2,a1,a4,a3
a0,a2,a1,a3,a4
a0,a2,a3,a1,a4
a0,a3,a1,a2,a4
a0,a3,a2,a1,a4
a1,a2,a4,a3,a0
a1,a3,a4,a2,a0
a1,a4,a2,a3,a0
a1,a4,a3,a2,a0
a1,a0,a3,a4,a2
a1,a4,a3,a0,a2
a1,a0,a2,a4,a3
a1,a4,a2,a0,a3
a1,a0,a2,a3,a4
a1,a0,a3,a2,a4
a1,a2,a0,a3,a4
a1,a3,a0,a2,a4
a2,a1,a4,a3,a0
a2,a4,a3,a1,a0
a2,a0,a3,a1,a4
a2,a1,a0,a3,a4
a3,a1,a4,a2,a0
a3,a4,a2,a1,a0
a3,a0,a2,a1,a4
a3,a1,a0,a2,a4
a4,a2,a1,a3,a0
a4,a2,a3,a1,a0
a4,a3,a1,a2,a0
a4,a3,a2,a1,a0
a4,a2,a0,a3,a1
a4,a3,a0,a2,a1
a4,a3,a1,a0,a2
a4,a2,a1,a0,a3
</relations_as_rankings>
</method>
<method>
<name>Ранжирование и победители по методу Шульце</name><info>Недоминируемые альтернативы: C02.
Среди ранжирований метода: 
 мин. и макс. стоимость: [0; 0];
 мин. и макс. сила: [0; 0];
 мин. и макс. : [; ];
 мин. и макс. : [; ];
</info>
<relations>
</relations>
<relations_as_rankings>
</relations_as_rankings>
</method>
<method>
<name>Упорядочение по транзитивно замкнутой ациклической агрегированн. матрице</name><info>Недоминируемые альтернативы: C02.
Среди ранжирований метода: 
 мин. и макс. стоимость: [0; 0];
 мин. и макс. сила: [0; 0];
 мин. и макс. : [; ];
 мин. и макс. : [; ];
</info>
<relations>
</relations>
<relations_as_rankings>
</relations_as_rankings>
</method>
</arbitrament>
